0 0 2
0 0 5
0 0 6
0 0 8
0 0 13
0 0 15
0 0 16
1 1 10
2 2 1
2 2 3
2 2 6
2 2 8
2 2 10
2 2 15
2 2 16
3 3 3
3 3 4
3 3 6
3 3 10
3 3 11
3 3 12
4 4 1
4 4 2
5 5 1
5 5 2
5 5 3
5 5 4
5 5 6
5 5 8
5 5 11
5 5 14
5 5 15
5 5 16
6 6 3
6 6 7
6 6 8
6 6 9
6 6 10
6 6 11
6 6 12
6 6 15
7 7 1
7 7 4
7 7 7
7 7 11
7 7 13
7 7 15
8 8 1
8 8 5
8 8 6
8 8 7
8 8 8
8 8 10
8 8 11
8 8 12
8 8 13
8 8 14
8 8 15
8 8 16
9 9 1
9 9 6
9 9 7
9 9 8
9 9 10
9 9 12
9 9 13
9 9 14
9 9 16
10 10 1
10 10 2
10 10 4
10 10 8
10 10 13
10 10 14
11 11 1
11 11 2
11 11 4
11 11 6
11 11 7
11 11 8
11 11 9
11 11 11
11 11 13
11 11 15
11 11 16
12 12 12
12 12 14
12 12 16
13 13 8
13 13 13
13 13 15
14 14 3
14 14 9
15 15 15
16 16 1
16 16 2
16 16 3
16 16 4
16 16 8
16 16 11
16 16 13
17 17 1
17 17 7
17 17 15
17 17 16
18 18 2
18 18 4
18 18 9
18 18 13
19 19 2
19 19 5
19 19 8
19 19 9
19 19 10
19 19 11
19 19 13
19 19 14
20 20 1
20 20 4
20 20 8
20 20 13
20 20 14
21 21 1
21 21 3
21 21 4
21 21 9
21 21 14
21 21 15
22 22 2
22 22 4
22 22 6
22 22 7
22 22 8
22 22 9
22 22 10
22 22 14
22 22 15
22 22 16
23 23 2
23 23 3
23 23 4
23 23 7
23 23 8
23 23 9
23 23 13
23 23 14
23 23 16
24 24 2
24 24 5
24 24 7
24 24 9
24 24 10
24 24 11
24 24 12
24 24 14
24 24 15
25 25 2
25 25 3
25 25 7
25 25 10
25 25 15
25 25 16
26 26 2
26 26 3
26 26 4
26 26 5
26 26 9
26 26 10
26 26 14
26 26 16
27 27 2
27 27 3
28 28 2
28 28 3
28 28 9
28 28 10
28 28 11
28 28 14
28 28 15
28 28 16
29 29 1
29 29 2
29 29 8
29 29 12
29 29 15
30 30 5
30 30 6
30 30 10
30 30 14
30 30 16
31 31 1
31 31 2
31 31 3
31 31 6
31 31 10
31 31 14
31 31 15
32 32 4
32 32 7
32 32 9
33 33 6
33 33 10
33 33 11
33 33 13
34 34 2
34 34 6
34 34 8
34 34 12
34 34 16
35 35 4
35 35 6
35 35 7
35 35 12
35 35 14
35 35 16
36 36 1
36 36 4
36 36 5
36 36 6
36 36 8
36 36 9
36 36 11
36 36 12
36 36 14
36 36 15
36 36 16
37 37 5
37 37 7
37 37 8
37 37 10
37 37 11
37 37 16
38 38 3
38 38 9
38 38 13
39 39 2
39 39 4
39 39 5
39 39 7
39 39 8
39 39 11
39 39 15
40 40 1
40 40 2
40 40 3
40 40 4
40 40 5
40 40 7
40 40 9
40 40 14
40 40 16
41 41 2
41 41 3
41 41 15
41 41 16
42 42 2
42 42 12
43 43 1
43 43 2
43 43 5
43 43 6
43 43 8
43 43 9
43 43 10
43 43 12
43 43 16
44 44 8
44 44 13
45 45 2
45 45 5
45 45 6
45 45 7
45 45 8
45 45 10
45 45 14
46 46 12
47 47 1
47 47 12
47 47 16
48 48 2
48 48 6
48 48 13
48 48 15
48 48 16
49 49 2
49 49 3
49 49 4
49 49 6
49 49 7
49 49 11
49 49 12
49 49 13
50 50 1
50 50 3
50 50 4
50 50 5
50 50 6
50 50 9
50 50 10
50 50 14
50 50 16
51 51 1
51 51 2
51 51 3
51 51 12
51 51 13
51 51 14
51 51 16
52 52 1
52 52 5
52 52 7
52 52 8
52 52 9
52 52 11
52 52 13
52 52 14
53 53 6
53 53 13
53 53 14
54 54 1
55 55 2
55 55 8
55 55 11
55 55 14
56 56 2
56 56 5
56 56 6
56 56 9
56 56 10
56 56 11
56 56 15
56 56 16
57 57 8
57 57 9
57 57 15
58 58 1
58 58 4
58 58 6
58 58 8
58 58 9
58 58 10
58 58 11
59 59 15
59 59 16
60 60 1
60 60 10
60 60 12
60 60 16
61 61 1
61 61 2
61 61 4
61 61 9
61 61 10
61 61 11
61 61 13
61 61 15
62 62 2
62 62 3
62 62 4
62 62 5
62 62 6
62 62 7
62 62 10
62 62 11
62 62 15
62 62 16
63 63 15
64 64 8
64 64 10
64 64 12
64 64 13
64 64 14
64 64 16
65 65 1
65 65 2
65 65 5
65 65 6
65 65 7
65 65 8
65 65 10
65 65 12
65 65 13
65 65 14
65 65 15
66 66 1
66 66 3
66 66 5
66 66 8
66 66 9
66 66 11
66 66 12
66 66 13
66 66 15
66 66 16
67 67 2
67 67 4
67 67 6
67 67 8
67 67 9
67 67 10
67 67 12
67 67 13
67 67 14
67 67 15
67 67 16
68 68 14
69 69 2
69 69 4
69 69 5
69 69 6
69 69 7
69 69 10
69 69 15
70 70 6
70 70 8
70 70 13
70 70 14
70 70 16
71 71 2
71 71 6
71 71 7
71 71 8
71 71 9
71 71 15
71 71 16
72 72 1
72 72 5
72 72 7
72 72 9
72 72 11
72 72 13
72 72 16
73 73 3
73 73 5
73 73 8
73 73 11
73 73 12
73 73 13
73 73 14
73 73 15
73 73 16
74 74 12
75 75 1
75 75 2
75 75 4
75 75 5
75 75 6
75 75 8
75 75 10
75 75 14
75 75 16
76 76 1
76 76 7
76 76 8
76 76 11
77 77 1
77 77 2
77 77 3
77 77 6
77 77 11
77 77 12
77 77 15
77 77 16
78 78 4
78 78 6
78 78 8
78 78 9
78 78 11
78 78 12
78 78 13
78 78 16
79 79 3
79 79 4
79 79 8
79 79 11
80 80 4
80 80 7
80 80 12
80 80 14
80 80 15
81 81 2
81 81 3
81 81 4
81 81 6
81 81 7
81 81 12
81 81 14
81 81 15
82 82 1
82 82 3
82 82 5
82 82 13
83 83 1
84 84 1
84 84 2
84 84 3
84 84 4
84 84 5
84 84 8
84 84 9
84 84 10
84 84 11
84 84 14
84 84 15
85 85 1
85 85 3
85 85 10
85 85 12
85 85 13
85 85 15
85 85 16
86 86 1
86 86 5
86 86 6
86 86 9
86 86 10
86 86 11
86 86 16
87 87 3
87 87 7
87 87 9
87 87 11
87 87 12
87 87 13
87 87 14
87 87 15
88 88 1
88 88 4
88 88 6
88 88 8
88 88 16
89 89 1
89 89 4
89 89 5
89 89 6
89 89 7
89 89 9
89 89 11
89 89 12
89 89 13
89 89 14
89 89 15
89 89 16
90 90 1
90 90 2
90 90 3
90 90 5
90 90 6
90 90 9
90 90 11
90 90 12
90 90 13
90 90 14
90 90 15
90 90 16
91 91 4
91 91 5
91 91 6
91 91 7
91 91 8
91 91 9
91 91 10
91 91 11
91 91 12
91 91 15
91 91 16
92 92 1
92 92 3
92 92 5
92 92 6
92 92 12
92 92 13
92 92 14
92 92 15
92 92 16
93 93 2
93 93 3
93 93 4
93 93 5
93 93 7
93 93 8
93 93 11
93 93 12
93 93 15
93 93 16
94 94 1
94 94 6
94 94 10
94 94 11
94 94 12
94 94 15
95 95 2
95 95 5
95 95 6
95 95 10
95 95 12
96 96 1
96 96 3
96 96 5
96 96 6
96 96 9
96 96 11
96 96 15
97 97 15
98 98 1
98 98 3
98 98 5
98 98 7
98 98 9
98 98 10
98 98 12
98 98 13
98 98 14
98 98 15
99 99 2
99 99 3
99 99 4
99 99 5
99 99 7
99 99 9
99 99 10
99 99 12
99 99 13
99 99 15
99 99 16
100 100 2
100 100 7
101 101 2
101 101 3
101 101 4
101 101 8
101 101 10
101 101 13
101 101 16
102 102 4
102 102 7
102 102 13
102 102 15
102 102 16
103 103 2
103 103 14
104 104 2
104 104 4
104 104 7
104 104 8
104 104 11
104 104 12
104 104 13
104 104 14
105 105 5
105 105 7
105 105 10
106 106 1
106 106 4
106 106 6
106 106 7
106 106 9
106 106 12
106 106 14
106 106 16
107 107 9
107 107 14
107 107 15
108 108 15
109 109 11
110 110 1
110 110 4
110 110 5
110 110 6
110 110 10
110 110 11
110 110 12
110 110 15
111 111 1
111 111 2
111 111 3
111 111 4
111 111 5
111 111 6
111 111 12
111 111 13
111 111 14
111 111 15
111 111 16
112 112 1
112 112 2
112 112 5
112 112 7
112 112 8
112 112 9
112 112 10
112 112 11
112 112 16
113 113 3
113 113 7
113 113 9
113 113 10
113 113 11
113 113 12
114 114 1
114 114 2
114 114 4
114 114 6
114 114 7
114 114 11
114 114 12
114 114 13
114 114 15
115 115 1
115 115 4
115 115 7
115 115 9
116 116 2
116 116 3
116 116 5
116 116 7
116 116 8
116 116 12
116 116 13
116 116 14
117 117 1
117 117 2
117 117 3
117 117 4
117 117 10
117 117 12
117 117 13
117 117 16
118 118 1
118 118 4
118 118 5
118 118 6
118 118 8
118 118 13
118 118 15
119 119 5
119 119 7
119 119 11
119 119 12
119 119 14
119 119 15
119 119 16
120 120 3
120 120 4
120 120 6
120 120 8
120 120 13
121 121 4
121 121 11
121 121 12
121 121 15
122 122 3
122 122 5
122 122 8
122 122 9
122 122 14
122 122 15
123 123 2
123 123 5
123 123 6
123 123 7
123 123 9
123 123 11
123 123 15
123 123 16
124 124 4
125 125 2
125 125 3
125 125 6
125 125 7
125 125 15
126 126 1
126 126 8
126 126 12
126 126 15
126 126 16
127 127 9
127 127 11
127 127 13
127 127 16
128 128 1
128 128 3
128 128 4
128 128 5
128 128 7
128 128 10
128 128 11
128 128 12
128 128 13
128 128 14
128 128 15
129 129 2
129 129 3
129 129 5
129 129 8
129 129 9
129 129 10
129 129 11
129 129 12
129 129 13
129 129 15
129 129 16
130 130 1
130 130 3
130 130 14
130 130 15
130 130 16
131 131 1
131 131 2
131 131 3
131 131 6
131 131 10
131 131 11
131 131 13
131 131 16
132 132 1
132 132 4
132 132 6
132 132 7
132 132 11
132 132 12
132 132 13
132 132 14
132 132 15
133 133 4
133 133 6
133 133 7
133 133 9
133 133 10
133 133 11
133 133 14
133 133 16
134 134 9
134 134 11
134 134 13
135 135 3
135 135 4
135 135 5
135 135 6
135 135 8
135 135 9
135 135 11
135 135 12
135 135 15
136 136 2
136 136 3
136 136 6
136 136 7
136 136 8
136 136 10
136 136 12
136 136 14
136 136 15
136 136 16
137 137 1
137 137 5
137 137 6
137 137 7
137 137 10
137 137 15
137 137 16
138 138 9
139 139 4
139 139 5
139 139 9
139 139 10
139 139 12
140 140 1
140 140 3
140 140 4
140 140 5
140 140 6
140 140 8
140 140 9
140 140 10
140 140 11
140 140 13
140 140 14
140 140 16
141 141 1
141 141 2
141 141 3
141 141 5
141 141 10
141 141 11
141 141 14
141 141 15
142 142 4
142 142 6
142 142 7
142 142 14
143 143 1
143 143 2
143 143 5
143 143 7
143 143 8
143 143 9
143 143 12
143 143 13
143 143 15
144 144 9
144 144 10
144 144 11
144 144 13
144 144 14
144 144 15
145 145 2
145 145 3
145 145 4
145 145 5
145 145 9
145 145 10
145 145 11
145 145 12
145 145 13
145 145 14
146 146 6
146 146 8
146 146 10
146 146 12
146 146 13
147 147 5
147 147 6
147 147 8
147 147 9
147 147 11
147 147 13
147 147 14
147 147 16
148 148 1
148 148 2
148 148 4
148 148 7
148 148 16
149 149 7
149 149 11
149 149 13
149 149 14
149 149 15
150 150 1
150 150 2
150 150 3
150 150 5
150 150 8
150 150 11
150 150 12
150 150 13
150 150 14
150 150 15
151 151 4
151 151 5
151 151 8
151 151 9
151 151 11
151 151 13
151 151 15
152 152 9
153 153 14
154 154 4
154 154 9
154 154 10
154 154 13
154 154 14
155 155 5
155 155 9
155 155 13
155 155 14
156 156 2
156 156 3
156 156 5
156 156 9
156 156 15
157 157 1
157 157 3
157 157 6
157 157 7
157 157 8
157 157 9
157 157 10
157 157 12
157 157 13
157 157 15
158 158 5
159 159 1
159 159 5
159 159 10
159 159 11
159 159 13
160 160 6
161 161 5
161 161 7
161 161 8
161 161 9
161 161 11
161 161 14
161 161 16
162 162 7
162 162 9
162 162 10
162 162 11
162 162 13
162 162 14
163 163 3
163 163 5
163 163 6
163 163 7
163 163 8
163 163 10
163 163 12
163 163 13
163 163 14
163 163 15
163 163 16
164 164 1
164 164 3
164 164 5
164 164 6
164 164 7
164 164 8
164 164 13
164 164 14
164 164 16
165 165 15
166 166 1
166 166 2
166 166 3
166 166 4
166 166 5
166 166 7
166 166 8
166 166 9
166 166 11
166 166 13
166 166 14
166 166 16
167 167 2
167 167 6
167 167 11
167 167 12
167 167 14
167 167 15
168 168 8
169 169 1
169 169 2
170 170 2
170 170 3
170 170 7
170 170 8
170 170 9
170 170 11
170 170 13
170 170 16
171 171 1
171 171 3
171 171 4
171 171 6
171 171 8
171 171 9
171 171 11
171 171 13
171 171 14
171 171 15
172 172 12
172 172 16
173 173 2
173 173 7
173 173 13
173 173 16
174 174 2
174 174 4
174 174 12
174 174 16
175 175 3
175 175 4
175 175 11
176 176 3
176 176 4
176 176 6
176 176 7
176 176 9
176 176 10
176 176 11
176 176 14
176 176 15
177 177 2
177 177 4
177 177 5
177 177 10
177 177 11
177 177 13
177 177 15
177 177 16
178 178 2
178 178 9
179 179 8
179 179 10
179 179 16
180 180 3
180 180 4
180 180 5
180 180 6
180 180 10
180 180 13
180 180 14
180 180 16
181 181 1
181 181 3
181 181 4
181 181 7
181 181 12
181 181 13
181 181 15
181 181 16
182 182 6
182 182 11
183 183 1
183 183 2
183 183 3
183 183 5
183 183 7
183 183 9
183 183 10
183 183 11
183 183 12
183 183 14
183 183 15
183 183 16
184 184 3
184 184 11
184 184 16
185 185 3
185 185 4
185 185 8
185 185 9
185 185 10
185 185 11
185 185 12
185 185 14
185 185 15
185 185 16
186 186 1
186 186 3
186 186 4
186 186 6
186 186 7
186 186 8
186 186 9
186 186 10
186 186 11
186 186 12
186 186 14
186 186 15
186 186 16
187 187 5
187 187 8
187 187 11
187 187 12
187 187 14
187 187 15
187 187 16
188 188 1
188 188 3
188 188 4
188 188 5
188 188 6
188 188 9
188 188 13
188 188 14
188 188 15
189 189 1
189 189 2
189 189 5
189 189 6
189 189 9
189 189 10
189 189 11
189 189 13
189 189 14
189 189 15
189 189 16
190 190 1
190 190 4
190 190 5
190 190 8
190 190 9
190 190 15
191 191 1
191 191 4
191 191 10
192 192 1
192 192 2
192 192 3
192 192 4
192 192 6
192 192 8
192 192 11
192 192 12
192 192 13
192 192 16
193 193 4
193 193 5
193 193 7
193 193 9
193 193 12
193 193 14
193 193 15
194 194 3
194 194 4
194 194 6
194 194 7
194 194 8
194 194 12
194 194 14
194 194 16
195 195 5
195 195 6
195 195 10
196 196 1
196 196 2
196 196 4
196 196 5
196 196 6
196 196 7
196 196 10
196 196 12
196 196 13
196 196 14
197 197 2
197 197 3
197 197 4
197 197 7
197 197 9
197 197 10
197 197 11
197 197 12
198 198 1
198 198 8
198 198 10
198 198 16
199 199 3
199 199 4
199 199 6
199 199 8
199 199 9
199 199 10
199 199 13
199 199 15
200 200 6
200 200 8
200 200 11
200 200 12
200 200 16
201 201 3
201 201 8
201 201 10
201 201 13
201 201 14
201 201 16
202 202 2
202 202 3
202 202 6
202 202 7
202 202 8
202 202 9
202 202 10
202 202 12
202 202 14
203 203 8
203 203 14
204 204 2
204 204 4
204 204 6
204 204 7
204 204 8
204 204 9
204 204 14
204 204 15
205 205 1
205 205 5
205 205 13
206 206 4
206 206 5
206 206 10
206 206 13
206 206 15
206 206 16
207 207 4
207 207 9
207 207 11
207 207 12
207 207 13
207 207 14
208 208 11
208 208 13
208 208 14
208 208 15
209 209 2
209 209 3
209 209 4
209 209 6
209 209 8
209 209 11
209 209 12
209 209 14
209 209 16
210 210 1
210 210 2
210 210 3
210 210 5
210 210 6
210 210 7
210 210 8
210 210 9
210 210 13
210 210 15
211 211 1
211 211 2
211 211 3
211 211 5
211 211 8
211 211 9
211 211 16
212 212 2
212 212 3
212 212 4
212 212 7
212 212 10
212 212 11
212 212 15
212 212 16
213 213 7
214 214 3
214 214 7
214 214 9
214 214 10
214 214 12
214 214 15
214 214 16
215 215 3
215 215 6
215 215 11
215 215 13
215 215 14
215 215 16
216 216 2
216 216 3
216 216 4
216 216 5
216 216 7
216 216 8
216 216 10
216 216 11
216 216 12
216 216 16
217 217 1
217 217 5
217 217 7
217 217 8
217 217 11
218 218 1
218 218 2
218 218 6
218 218 11
218 218 13
218 218 14
219 219 6
219 219 12
220 220 7
220 220 8
220 220 11
220 220 12
220 220 16
221 221 1
221 221 2
221 221 7
221 221 9
221 221 10
221 221 11
221 221 12
221 221 13
221 221 15
222 222 4
222 222 7
222 222 9
222 222 16
223 223 2
223 223 3
223 223 6
223 223 11
223 223 12
223 223 15
223 223 16
224 224 1
224 224 3
224 224 4
224 224 5
224 224 6
224 224 7
224 224 8
224 224 9
224 224 10
224 224 11
224 224 13
224 224 14
225 225 1
225 225 3
225 225 7
225 225 8
225 225 10
225 225 13
226 226 4
226 226 5
226 226 7
226 226 13
226 226 14
226 226 15
227 227 2
227 227 14
228 228 1
228 228 3
228 228 4
228 228 5
228 228 6
228 228 7
228 228 8
228 228 11
228 228 12
228 228 13
228 228 14
229 229 1
229 229 5
230 230 2
230 230 5
230 230 6
230 230 10
230 230 16
231 231 1
231 231 4
231 231 5
231 231 6
231 231 11
231 231 13
232 232 3
232 232 8
232 232 10
232 232 15
232 232 16
233 233 4
233 233 5
233 233 11
233 233 13
234 234 1
234 234 2
235 235 6
236 236 8
236 236 11
236 236 13
236 236 14
237 237 5
237 237 12
238 238 1
238 238 2
238 238 3
238 238 4
238 238 5
238 238 8
238 238 9
238 238 10
238 238 11
238 238 12
238 238 13
238 238 15
238 238 16
239 239 2
239 239 3
239 239 5
239 239 14
239 239 15
240 240 2
240 240 14
240 240 15
241 241 1
241 241 2
241 241 5
241 241 6
241 241 10
241 241 16
242 242 6
243 243 1
243 243 3
243 243 4
243 243 8
243 243 9
243 243 10
243 243 13
243 243 14
243 243 15
243 243 16
244 244 2
244 244 6
244 244 7
244 244 8
244 244 13
245 245 1
245 245 4
245 245 5
245 245 10
245 245 11
245 245 12
245 245 14
245 245 15
245 245 16
246 246 3
246 246 5
246 246 9
246 246 12
247 247 1
247 247 5
247 247 6
247 247 11
247 247 12
248 248 2
248 248 4
248 248 7
248 248 10
248 248 11
248 248 14
249 249 1
249 249 3
249 249 4
249 249 8
249 249 9
249 249 10
249 249 16
250 250 3
250 250 5
250 250 6
250 250 7
250 250 8
250 250 11
250 250 12
250 250 15
250 250 16
251 251 1
251 251 2
251 251 3
251 251 4
251 251 8
251 251 9
251 251 12
251 251 13
252 252 3
253 253 2
253 253 3
253 253 6
253 253 11
253 253 14
253 253 15
254 254 2
254 254 5
254 254 15
255 255 1
255 255 3
255 255 5
255 255 6
255 255 8
255 255 9
255 255 10
255 255 11
255 255 12
255 255 16
256 256 5
256 256 15
257 257 1
257 257 3
257 257 4
257 257 5
257 257 8
257 257 9
257 257 11
257 257 13
257 257 14
257 257 16
258 258 4
259 259 3
259 259 8
259 259 9
259 259 10
259 259 13
259 259 14
259 259 16
260 260 5
260 260 7
260 260 9
260 260 10
260 260 11
261 261 1
261 261 4
261 261 5
261 261 6
261 261 9
261 261 10
261 261 12
261 261 13
261 261 14
261 261 16
262 262 1
262 262 2
262 262 3
262 262 4
262 262 5
262 262 6
262 262 7
262 262 8
262 262 12
262 262 14
263 263 1
263 263 4
263 263 5
263 263 6
263 263 7
263 263 11
263 263 12
263 263 13
263 263 14
263 263 16
264 264 5
264 264 6
265 265 1
266 266 3
266 266 8
266 266 9
267 267 1
267 267 2
267 267 4
267 267 5
267 267 6
267 267 7
267 267 9
267 267 10
267 267 12
267 267 13
267 267 14
267 267 15
268 268 2
268 268 4
268 268 5
268 268 8
268 268 9
268 268 11
268 268 13
268 268 14
268 268 15
268 268 16
269 269 9
270 270 1
270 270 2
270 270 5
270 270 10
270 270 11
270 270 12
270 270 15
271 271 2
271 271 3
271 271 4
271 271 5
271 271 7
271 271 11
271 271 12
271 271 15
271 271 16
272 272 5
272 272 9
272 272 10
272 272 14
273 273 1
273 273 2
273 273 4
273 273 8
273 273 11
273 273 12
273 273 14
274 274 4
274 274 6
274 274 9
274 274 11
274 274 12
274 274 13
275 275 1
275 275 3
275 275 5
275 275 6
275 275 9
275 275 10
275 275 12
275 275 14
276 276 1
276 276 2
276 276 3
276 276 5
276 276 7
276 276 8
276 276 13
276 276 14
276 276 15
277 277 3
277 277 4
277 277 7
277 277 8
277 277 9
277 277 12
277 277 14
277 277 15
278 278 2
278 278 3
278 278 5
278 278 10
278 278 14
278 278 15
279 279 1
279 279 2
279 279 3
279 279 5
279 279 8
279 279 13
279 279 14
279 279 15
280 280 5
280 280 6
280 280 8
280 280 10
280 280 11
280 280 12
281 281 2
281 281 3
281 281 5
281 281 7
281 281 9
281 281 12
281 281 13
281 281 15
281 281 16
282 282 2
282 282 3
282 282 4
282 282 12
282 282 13
282 282 15
283 283 3
283 283 4
283 283 5
283 283 8
283 283 10
283 283 14
283 283 15
284 284 1
284 284 2
284 284 3
284 284 5
284 284 7
284 284 8
284 284 11
284 284 12
284 284 13
284 284 16
285 285 7
285 285 14
285 285 15
286 286 1
286 286 3
286 286 7
286 286 9
286 286 11
286 286 13
286 286 15
287 287 1
287 287 2
287 287 6
287 287 7
287 287 8
287 287 10
287 287 11
287 287 13
287 287 15
287 287 16
288 288 1
288 288 2
288 288 3
288 288 6
288 288 9
288 288 10
288 288 11
288 288 12
288 288 14
288 288 16
289 289 2
289 289 4
289 289 6
289 289 10
289 289 12
289 289 16
290 290 3
290 290 4
290 290 5
290 290 7
290 290 8
290 290 9
290 290 15
290 290 16
291 291 1
291 291 2
291 291 6
291 291 10
291 291 12
291 291 13
291 291 14
291 291 16
292 292 3
292 292 4
292 292 6
292 292 7
292 292 9
292 292 11
292 292 14
292 292 16
293 293 3
293 293 5
293 293 7
293 293 9
293 293 11
293 293 12
293 293 15
293 293 16
294 294 3
294 294 4
294 294 5
294 294 6
294 294 8
294 294 9
294 294 10
294 294 12
294 294 16
295 295 1
295 295 3
295 295 4
295 295 13
295 295 14
295 295 15
295 295 16
296 296 1
296 296 4
296 296 5
296 296 16
297 297 4
297 297 5
297 297 6
297 297 8
297 297 11
297 297 12
297 297 14
297 297 15
297 297 16
298 298 1
298 298 5
298 298 9
299 299 1
299 299 4
299 299 7
299 299 8
299 299 9
299 299 10
299 299 12
299 299 13
299 299 14
299 299 15
299 299 16
300 300 2
300 300 4
300 300 6
300 300 7
300 300 9
300 300 11
300 300 13
300 300 15
300 300 16
301 301 2
301 301 4
301 301 16
302 302 1
302 302 4
302 302 5
302 302 6
302 302 7
302 302 8
302 302 12
302 302 13
302 302 15
303 303 2
303 303 5
303 303 7
303 303 11
303 303 12
303 303 14
303 303 16
304 304 4
304 304 5
304 304 8
304 304 11
304 304 13
305 305 6
305 305 9
306 306 1
306 306 3
306 306 7
306 306 9
306 306 10
306 306 11
306 306 13
306 306 15
307 307 1
307 307 3
307 307 5
307 307 7
307 307 10
307 307 11
307 307 12
307 307 13
307 307 15
307 307 16
308 308 1
308 308 3
308 308 4
308 308 5
308 308 8
308 308 9
308 308 12
308 308 14
309 309 5
309 309 6
309 309 8
309 309 10
309 309 13
309 309 14
309 309 16
310 310 1
310 310 6
310 310 8
310 310 9
310 310 16
311 311 1
311 311 3
311 311 4
311 311 6
311 311 7
311 311 10
311 311 13
311 311 16
312 312 3
312 312 5
312 312 6
312 312 8
312 312 9
312 312 10
312 312 11
312 312 13
312 312 15
313 313 1
313 313 2
313 313 3
313 313 4
313 313 6
313 313 7
313 313 10
313 313 12
313 313 13
314 314 1
314 314 2
314 314 5
314 314 6
314 314 7
314 314 8
314 314 10
314 314 12
314 314 13
314 314 14
314 314 15
314 314 16
315 315 1
315 315 2
315 315 3
315 315 4
315 315 5
315 315 6
315 315 7
315 315 8
315 315 9
315 315 10
315 315 15
315 315 16
316 316 1
316 316 3
316 316 4
316 316 7
316 316 9
316 316 11
316 316 12
317 317 2
317 317 4
317 317 5
317 317 9
317 317 10
317 317 13
317 317 15
318 318 5
318 318 7
318 318 14
318 318 15
318 318 16
319 319 4
319 319 6
319 319 8
319 319 9
319 319 13
319 319 15
319 319 16
320 320 2
320 320 4
320 320 5
320 320 6
320 320 8
320 320 9
320 320 12
321 321 6
321 321 7
321 321 12
321 321 14
321 321 16
322 322 6
322 322 12
322 322 15
323 323 3
323 323 4
323 323 5
323 323 6
323 323 7
323 323 8
323 323 9
323 323 10
323 323 11
323 323 12
323 323 14
323 323 15
324 324 3
324 324 6
324 324 7
324 324 8
324 324 11
324 324 16
325 325 1
325 325 3
325 325 7
325 325 10
325 325 11
325 325 12
325 325 13
325 325 14
326 326 1
326 326 2
326 326 3
326 326 5
326 326 7
326 326 8
326 326 11
326 326 12
326 326 13
326 326 14
326 326 15
326 326 16
327 327 5
327 327 6
327 327 7
327 327 8
327 327 9
327 327 10
327 327 12
327 327 15
328 328 1
328 328 3
328 328 5
328 328 9
328 328 10
328 328 12
328 328 14
329 329 2
329 329 6
329 329 9
329 329 12
329 329 13
329 329 14
329 329 15
330 330 1
330 330 3
330 330 4
330 330 9
330 330 13
331 331 4
331 331 8
331 331 12
331 331 15
332 332 2
332 332 3
332 332 6
332 332 8
332 332 10
332 332 11
332 332 12
332 332 13
332 332 16
333 333 3
333 333 4
333 333 8
333 333 9
333 333 11
333 333 14
333 333 15
334 334 1
334 334 3
334 334 5
334 334 8
334 334 9
334 334 12
334 334 13
334 334 14
335 335 1
335 335 2
335 335 4
335 335 5
335 335 7
335 335 9
335 335 10
335 335 14
336 336 4
336 336 10
336 336 11
336 336 13
336 336 14
336 336 15
336 336 16
337 337 2
337 337 4
337 337 16
338 338 1
338 338 3
338 338 4
338 338 5
338 338 6
338 338 9
338 338 12
338 338 14
338 338 15
338 338 16
339 339 1
339 339 5
339 339 8
339 339 11
339 339 12
339 339 13
339 339 15
340 340 2
340 340 3
340 340 6
340 340 10
340 340 11
340 340 12
340 340 13
341 341 3
341 341 4
341 341 5
341 341 7
341 341 8
341 341 10
341 341 12
342 342 7
342 342 8
342 342 9
342 342 10
342 342 13
342 342 14
342 342 15
343 343 1
343 343 3
343 343 4
343 343 6
343 343 9
343 343 10
343 343 13
343 343 15
343 343 16
344 344 1
344 344 8
344 344 10
344 344 14
345 345 3
345 345 9
345 345 10
346 346 1
346 346 4
346 346 5
346 346 7
346 346 10
346 346 11
346 346 12
346 346 14
346 346 15
347 347 2
347 347 5
347 347 9
347 347 10
347 347 13
347 347 16
348 348 4
348 348 5
348 348 9
348 348 12
349 349 2
349 349 4
349 349 5
349 349 6
349 349 9
349 349 10
349 349 13
349 349 14
349 349 15
349 349 16
350 350 1
350 350 2
350 350 3
350 350 4
350 350 8
350 350 10
350 350 13
350 350 15
350 350 16
351 351 1
351 351 3
351 351 6
351 351 7
351 351 8
351 351 9
351 351 10
351 351 11
351 351 13
351 351 14
351 351 16
352 352 1
352 352 7
353 353 2
353 353 6
353 353 7
353 353 8
353 353 10
353 353 11
353 353 12
353 353 13
353 353 14
353 353 15
354 354 1
354 354 2
354 354 3
354 354 4
354 354 7
354 354 10
354 354 11
354 354 15
355 355 3
355 355 4
355 355 5
355 355 6
355 355 9
355 355 12
355 355 15
355 355 16
356 356 5
357 357 3
357 357 4
357 357 6
357 357 8
357 357 10
357 357 11
357 357 13
357 357 16
358 358 1
358 358 2
358 358 3
358 358 5
358 358 11
358 358 12
358 358 13
358 358 15
359 359 3
359 359 5
359 359 7
359 359 9
359 359 10
359 359 11
359 359 13
359 359 14
359 359 16
360 360 1
360 360 3
360 360 5
360 360 6
360 360 8
360 360 9
360 360 13
360 360 16
361 361 5
361 361 7
361 361 11
361 361 15
362 362 1
362 362 3
362 362 4
362 362 5
362 362 6
362 362 7
362 362 9
362 362 11
362 362 12
362 362 15
363 363 1
363 363 3
363 363 4
363 363 5
363 363 8
363 363 9
363 363 11
363 363 13
363 363 14
363 363 16
364 364 1
364 364 12
365 365 13
366 366 6
366 366 7
366 366 13
367 367 2
367 367 3
367 367 10
367 367 11
368 368 2
368 368 3
368 368 4
368 368 5
368 368 6
368 368 7
368 368 8
368 368 10
368 368 12
368 368 13
368 368 14
369 369 2
369 369 3
369 369 4
369 369 5
369 369 8
369 369 9
369 369 10
369 369 11
369 369 15
369 369 16
370 370 5
370 370 6
370 370 8
370 370 14
371 371 2
371 371 4
371 371 9
371 371 10
371 371 14
372 372 1
372 372 8
372 372 9
372 372 10
372 372 11
372 372 14
372 372 15
373 373 2
373 373 3
373 373 7
373 373 9
373 373 13
373 373 14
374 374 5
374 374 11
374 374 14
375 375 1
375 375 4
375 375 5
375 375 7
375 375 9
375 375 10
375 375 15
375 375 16
376 376 1
376 376 2
376 376 4
376 376 5
376 376 7
376 376 8
376 376 12
376 376 13
376 376 14
376 376 16
377 377 1
377 377 2
377 377 3
377 377 4
377 377 6
377 377 7
377 377 9
377 377 12
377 377 15
377 377 16
378 378 2
378 378 3
378 378 8
378 378 9
378 378 13
378 378 14
378 378 15
379 379 1
379 379 2
379 379 3
379 379 5
379 379 7
379 379 8
379 379 11
379 379 12
379 379 13
379 379 14
379 379 16
380 380 3
380 380 4
380 380 6
380 380 7
380 380 9
380 380 10
380 380 11
380 380 12
381 381 4
381 381 5
381 381 10
381 381 14
381 381 15
382 382 2
382 382 3
382 382 4
382 382 5
382 382 6
382 382 7
382 382 9
382 382 12
382 382 13
382 382 14
382 382 16
383 383 3
383 383 4
383 383 5
383 383 6
383 383 7
383 383 8
383 383 9
383 383 11
383 383 12
383 383 13
383 383 14
383 383 15
383 383 16
384 384 3
384 384 5
384 384 10
384 384 13
384 384 14
384 384 15
385 385 1
385 385 2
385 385 3
385 385 4
385 385 5
385 385 7
385 385 11
385 385 12
385 385 13
385 385 15
385 385 16
386 386 1
386 386 2
386 386 5
386 386 15
387 387 4
387 387 8
387 387 9
387 387 11
388 388 2
388 388 4
388 388 5
388 388 6
388 388 8
388 388 10
388 388 12
388 388 13
388 388 15
388 388 16
389 389 1
389 389 6
389 389 7
389 389 8
389 389 11
389 389 13
389 389 16
390 390 6
390 390 12
390 390 13
390 390 16
391 391 1
391 391 2
391 391 3
391 391 4
391 391 8
391 391 11
391 391 12
391 391 14
391 391 15
392 392 4
392 392 6
392 392 7
392 392 8
392 392 9
392 392 12
392 392 16
393 393 3
393 393 4
393 393 8
393 393 9
393 393 10
393 393 12
393 393 13
393 393 15
394 394 2
394 394 4
394 394 8
394 394 9
394 394 11
394 394 13
394 394 14
394 394 15
395 395 1
395 395 5
395 395 6
395 395 8
395 395 9
395 395 11
395 395 15
395 395 16
396 396 6
396 396 15
397 397 2
397 397 3
397 397 6
397 397 7
397 397 9
397 397 11
397 397 12
397 397 14
397 397 15
398 398 1
399 399 3
399 399 6
399 399 9
399 399 10
399 399 11
399 399 13
399 399 14
399 399 15
399 399 16
400 400 2
400 400 5
400 400 8
400 400 12
400 400 13
401 401 1
401 401 7
401 401 8
401 401 10
401 401 12
401 401 13
401 401 15
402 402 2
402 402 3
402 402 4
402 402 5
402 402 7
402 402 9
402 402 10
402 402 11
402 402 12
402 402 14
402 402 15
403 403 3
403 403 4
403 403 8
403 403 13
403 403 15
403 403 16
404 404 1
404 404 2
404 404 3
404 404 6
404 404 9
404 404 10
404 404 11
404 404 12
404 404 13
404 404 15
405 405 7
405 405 13
405 405 15
406 406 1
406 406 2
406 406 3
406 406 4
406 406 6
406 406 8
406 406 11
406 406 12
406 406 14
407 407 7
407 407 8
407 407 10
407 407 11
407 407 12
407 407 13
407 407 16
408 408 4
409 409 6
409 409 8
409 409 9
409 409 10
409 409 11
409 409 12
409 409 13
409 409 14
409 409 16
410 410 3
410 410 4
410 410 5
410 410 6
410 410 7
410 410 8
410 410 10
410 410 11
410 410 12
410 410 14
410 410 16
411 411 5
411 411 7
411 411 8
411 411 9
411 411 11
411 411 12
411 411 15
411 411 16
412 412 8
412 412 15
412 412 16
413 413 2
413 413 3
413 413 7
413 413 8
413 413 10
413 413 12
413 413 14
413 413 15
413 413 16
414 414 1
414 414 3
414 414 4
414 414 5
414 414 8
414 414 11
414 414 14
415 415 3
415 415 4
415 415 10
415 415 14
416 416 2
416 416 5
416 416 7
416 416 8
416 416 9
416 416 12
416 416 15
417 417 6
417 417 10
418 418 1
418 418 8
418 418 10
418 418 12
418 418 13
418 418 15
418 418 16
419 419 3
419 419 5
419 419 9
419 419 10
419 419 12
419 419 13
419 419 14
419 419 15
420 420 4
420 420 5
420 420 11
420 420 12
420 420 14
420 420 15
420 420 16
421 421 1
421 421 3
421 421 6
421 421 10
421 421 11
421 421 13
421 421 15
422 422 1
422 422 2
422 422 3
422 422 4
422 422 7
422 422 8
422 422 11
422 422 12
422 422 13
422 422 15
423 423 1
423 423 3
423 423 5
423 423 7
423 423 11
423 423 13
423 423 14
424 424 1
425 425 1
425 425 2
425 425 4
425 425 5
425 425 6
425 425 8
425 425 9
425 425 10
425 425 11
425 425 12
425 425 13
425 425 14
426 426 1
426 426 6
426 426 7
426 426 11
426 426 12
426 426 13
427 427 1
427 427 5
427 427 9
427 427 14
427 427 15
427 427 16
428 428 2
428 428 4
428 428 6
428 428 15
429 429 2
429 429 3
429 429 4
429 429 8
429 429 9
429 429 10
429 429 11
429 429 12
429 429 13
429 429 15
430 430 4
430 430 5
430 430 6
430 430 7
430 430 9
430 430 11
430 430 12
431 431 3
431 431 4
431 431 5
431 431 6
431 431 8
431 431 11
431 431 12
431 431 14
431 431 16
432 432 1
432 432 3
432 432 4
432 432 8
432 432 10
432 432 11
432 432 12
432 432 13
432 432 16
433 433 2
433 433 3
433 433 4
433 433 10
433 433 12
433 433 13
433 433 14
434 434 1
434 434 2
434 434 7
434 434 8
434 434 9
434 434 10
434 434 12
434 434 13
434 434 14
434 434 15
435 435 1
435 435 6
435 435 12
435 435 13
435 435 15
435 435 16
436 436 1
436 436 8
436 436 10
436 436 11
436 436 15
436 436 16
437 437 1
437 437 3
437 437 5
437 437 6
437 437 7
437 437 10
437 437 13
437 437 15
438 438 1
438 438 3
438 438 6
438 438 8
439 439 7
439 439 14
440 440 6
440 440 10
440 440 12
440 440 13
440 440 15
440 440 16
441 441 2
441 441 3
441 441 6
441 441 8
441 441 9
441 441 10
441 441 12
442 442 1
442 442 2
442 442 3
442 442 4
442 442 5
442 442 7
442 442 9
442 442 10
442 442 11
442 442 13
442 442 14
443 443 6
443 443 15
444 444 3
444 444 5
444 444 12
444 444 13
445 445 1
445 445 3
445 445 6
445 445 10
445 445 12
445 445 13
445 445 14
445 445 15
445 445 16
446 446 1
446 446 2
446 446 3
446 446 4
446 446 5
446 446 7
446 446 8
446 446 11
446 446 12
446 446 13
447 447 4
448 448 4
448 448 5
448 448 6
448 448 7
448 448 8
448 448 14
448 448 15
449 449 1
449 449 4
449 449 5
449 449 7
449 449 8
449 449 10
449 449 12
450 450 2
450 450 4
450 450 6
450 450 8
450 450 10
450 450 11
450 450 13
450 450 15
450 450 16
451 451 3
451 451 4
451 451 8
451 451 11
451 451 14
452 452 4
452 452 6
452 452 11
453 453 2
453 453 3
453 453 6
453 453 9
453 453 12
453 453 13
453 453 14
453 453 15
454 454 9
454 454 12
454 454 16
455 455 1
455 455 2
455 455 5
455 455 9
455 455 10
455 455 11
455 455 12
455 455 14
455 455 15
455 455 16
456 456 3
456 456 4
456 456 5
456 456 6
456 456 7
456 456 11
456 456 12
457 457 2
457 457 7
457 457 10
457 457 11
457 457 12
457 457 13
457 457 14
457 457 15
458 458 3
458 458 4
458 458 5
458 458 8
458 458 9
458 458 12
459 459 2
459 459 5
459 459 9
459 459 10
459 459 11
459 459 12
459 459 13
459 459 14
459 459 15
459 459 16
460 460 3
460 460 5
460 460 7
460 460 8
460 460 12
460 460 16
461 461 1
461 461 5
461 461 6
461 461 7
461 461 9
461 461 10
461 461 15
461 461 16
462 462 2
462 462 3
462 462 4
462 462 5
462 462 6
462 462 9
462 462 12
463 463 4
463 463 5
463 463 6
463 463 8
463 463 9
463 463 10
463 463 11
463 463 12
463 463 13
463 463 14
463 463 16
464 464 9
465 465 3
465 465 5
465 465 7
465 465 14
465 465 16
466 466 1
466 466 2
466 466 4
466 466 5
466 466 8
466 466 9
466 466 10
467 467 1
467 467 2
467 467 5
467 467 7
467 467 9
467 467 11
467 467 12
467 467 13
467 467 14
467 467 15
467 467 16
468 468 1
468 468 3
468 468 5
468 468 6
468 468 8
468 468 15
469 469 1
469 469 2
469 469 6
469 469 7
469 469 11
469 469 15
469 469 16
470 470 1
470 470 9
470 470 13
470 470 14
470 470 16
471 471 1
471 471 6
471 471 11
471 471 15
472 472 1
472 472 3
472 472 4
472 472 6
472 472 8
472 472 9
472 472 11
472 472 13
472 472 15
472 472 16
473 473 2
473 473 4
473 473 5
473 473 7
473 473 11
473 473 13
473 473 16
474 474 4
474 474 5
474 474 7
474 474 14
475 475 1
475 475 2
475 475 4
475 475 5
475 475 6
475 475 8
475 475 9
475 475 10
475 475 16
476 476 1
476 476 3
476 476 5
476 476 7
476 476 11
476 476 13
476 476 16
477 477 2
477 477 4
477 477 5
477 477 6
477 477 8
477 477 9
477 477 11
477 477 12
477 477 15
478 478 1
478 478 2
478 478 4
478 478 5
478 478 6
478 478 7
478 478 9
478 478 10
478 478 13
478 478 14
478 478 15
478 478 16
479 479 1
479 479 4
479 479 6
479 479 7
479 479 11
479 479 12
480 480 1
480 480 2
480 480 5
480 480 9
480 480 10
480 480 11
480 480 13
480 480 14
480 480 15
480 480 16
481 481 1
481 481 4
481 481 5
481 481 6
481 481 8
481 481 10
481 481 11
481 481 13
481 481 14
481 481 15
481 481 16
482 482 2
482 482 5
482 482 6
482 482 7
482 482 8
482 482 9
482 482 15
482 482 16
483 483 6
483 483 14
484 484 1
484 484 4
484 484 5
484 484 6
484 484 7
484 484 9
484 484 10
484 484 11
484 484 12
484 484 13
484 484 14
484 484 16
485 485 4
485 485 5
485 485 12
485 485 13
485 485 14
486 486 2
486 486 4
486 486 8
486 486 10
486 486 11
486 486 12
487 487 1
487 487 2
487 487 3
487 487 4
487 487 8
487 487 9
487 487 11
487 487 13
487 487 16
488 488 1
488 488 4
488 488 6
488 488 11
489 489 6
489 489 8
490 490 1
490 490 5
490 490 6
490 490 8
490 490 9
490 490 14
490 490 15
491 491 9
491 491 12
492 492 2
492 492 7
492 492 8
492 492 9
492 492 10
492 492 12
492 492 13
492 492 15
492 492 16
493 493 3
493 493 9
493 493 11
494 494 1
494 494 3
494 494 4
494 494 5
494 494 8
494 494 9
494 494 10
494 494 12
494 494 13
494 494 14
494 494 16
495 495 4
496 496 3
496 496 10
496 496 13
496 496 15
497 497 2
497 497 3
497 497 4
497 497 5
497 497 6
497 497 7
497 497 9
497 497 10
497 497 11
497 497 12
497 497 14
497 497 16
498 498 1
498 498 3
498 498 4
498 498 5
498 498 6
498 498 7
498 498 9
498 498 10
498 498 11
498 498 13
498 498 16
499 499 6
499 499 13
499 499 14
500 500 4
500 500 5
500 500 6
500 500 8
500 500 11
500 500 12
500 500 14
500 500 15
500 500 16
501 501 5
501 501 10
501 501 13
502 502 5
502 502 6
502 502 8
502 502 13
502 502 14
503 503 3
503 503 4
503 503 8
503 503 14
503 503 15
503 503 16
504 504 1
504 504 2
504 504 3
504 504 5
504 504 6
504 504 9
504 504 16
505 505 2
505 505 4
505 505 8
505 505 9
506 506 1
506 506 3
506 506 8
506 506 9
506 506 10
506 506 14
506 506 16
507 507 6
507 507 11
507 507 15
508 508 9
508 508 10
508 508 15
508 508 16
509 509 1
509 509 3
509 509 6
509 509 7
509 509 9
510 510 1
510 510 5
510 510 7
510 510 9
510 510 11
510 510 14
510 510 15
511 511 7
511 511 12
511 511 13
512 512 3
512 512 7
512 512 10
512 512 11
512 512 12
513 513 4
513 513 9
513 513 13
514 514 1
514 514 3
514 514 7
514 514 8
514 514 9
514 514 10
514 514 15
515 515 1
515 515 3
515 515 7
515 515 8
515 515 10
515 515 11
515 515 12
515 515 15
515 515 16
516 516 1
516 516 3
516 516 4
516 516 5
516 516 6
516 516 7
516 516 8
516 516 10
516 516 12
516 516 13
516 516 16
517 517 5
517 517 6
517 517 7
517 517 9
517 517 10
517 517 12
517 517 13
517 517 14
517 517 16
518 518 2
518 518 4
518 518 7
518 518 8
518 518 16
519 519 3
519 519 4
519 519 6
519 519 7
520 520 2
520 520 6
520 520 7
520 520 10
520 520 15
520 520 16
521 521 1
521 521 2
521 521 3
521 521 5
521 521 6
521 521 7
521 521 9
521 521 10
521 521 13
521 521 16
522 522 1
522 522 9
522 522 10
522 522 12
522 522 15
523 523 4
523 523 6
523 523 10
523 523 12
523 523 13
523 523 16
524 524 2
524 524 14
525 525 2
525 525 3
525 525 6
525 525 8
525 525 12
525 525 15
526 526 1
526 526 2
526 526 4
526 526 5
526 526 6
526 526 7
526 526 15
527 527 4
528 528 2
528 528 4
528 528 6
528 528 8
528 528 10
528 528 12
528 528 13
528 528 14
528 528 16
529 529 4
529 529 9
530 530 1
530 530 3
530 530 10
530 530 16
531 531 4
531 531 6
531 531 9
531 531 10
531 531 11
531 531 12
531 531 16
532 532 1
532 532 9
533 533 2
533 533 5
533 533 6
533 533 8
533 533 12
533 533 15
533 533 16
534 534 1
534 534 4
534 534 5
534 534 6
534 534 10
534 534 14
534 534 15
535 535 6
535 535 12
535 535 15
536 536 5
536 536 7
536 536 8
536 536 9
536 536 10
536 536 12
536 536 14
537 537 4
537 537 6
537 537 7
537 537 8
537 537 9
537 537 10
537 537 11
537 537 13
537 537 14
537 537 15
537 537 16
538 538 2
538 538 4
538 538 9
538 538 11
538 538 14
538 538 15
539 539 2
539 539 6
539 539 7
539 539 10
539 539 13
539 539 14
539 539 15
540 540 2
540 540 3
540 540 6
540 540 8
540 540 9
540 540 10
540 540 14
541 541 2
541 541 3
541 541 7
541 541 8
541 541 9
541 541 11
541 541 14
541 541 16
542 542 1
542 542 4
542 542 5
542 542 6
542 542 8
542 542 10
542 542 11
542 542 12
542 542 13
543 543 5
543 543 6
543 543 9
544 544 1
544 544 2
544 544 4
544 544 5
544 544 6
544 544 7
544 544 12
544 544 13
545 545 2
545 545 3
545 545 4
545 545 6
545 545 8
545 545 15
546 546 1
546 546 5
546 546 6
546 546 8
546 546 9
546 546 14
546 546 15
547 547 3
547 547 16
548 548 3
548 548 16
549 549 2
549 549 6
549 549 8
549 549 12
549 549 13
549 549 14
549 549 15
550 550 1
550 550 3
550 550 4
550 550 10
550 550 13
550 550 15
551 551 1
551 551 2
551 551 3
551 551 5
551 551 7
551 551 8
551 551 9
551 551 10
551 551 11
551 551 14
551 551 15
552 552 1
552 552 3
552 552 5
552 552 6
552 552 8
552 552 10
552 552 12
552 552 13
552 552 14
552 552 15
552 552 16
553 553 3
553 553 7
553 553 8
553 553 11
554 554 5
554 554 7
554 554 9
554 554 10
554 554 11
554 554 12
554 554 14
554 554 16
555 555 4
555 555 6
555 555 8
555 555 14
555 555 15
555 555 16
556 556 1
556 556 4
556 556 8
556 556 9
557 557 3
557 557 6
557 557 8
557 557 9
557 557 12
558 558 3
558 558 8
558 558 9
558 558 11
558 558 13
558 558 15
559 559 4
559 559 9
559 559 14
559 559 16
560 560 2
560 560 5
561 561 2
561 561 4
561 561 15
562 562 1
562 562 2
562 562 3
562 562 4
562 562 9
562 562 10
562 562 14
562 562 16
563 563 1
563 563 6
563 563 7
563 563 8
563 563 9
563 563 10
563 563 12
563 563 13
563 563 14
563 563 15
563 563 16
564 564 4
564 564 12
564 564 13
565 565 9
565 565 12
566 566 2
566 566 4
566 566 8
566 566 11
566 566 12
566 566 15
567 567 2
567 567 5
567 567 10
567 567 11
567 567 12
567 567 15
567 567 16
568 568 1
568 568 3
568 568 6
568 568 14
568 568 15
568 568 16
569 569 1
569 569 2
569 569 3
569 569 6
569 569 7
569 569 10
569 569 11
569 569 12
569 569 15
569 569 16
570 570 1
570 570 2
570 570 3
570 570 4
570 570 6
570 570 9
570 570 11
570 570 12
571 571 1
571 571 2
571 571 3
571 571 6
571 571 8
571 571 10
571 571 11
571 571 13
571 571 15
572 572 3
572 572 5
572 572 7
572 572 8
572 572 10
572 572 11
572 572 14
572 572 16
573 573 2
573 573 5
573 573 6
573 573 10
573 573 12
573 573 13
573 573 14
573 573 15
574 574 1
574 574 3
574 574 4
574 574 6
574 574 8
574 574 9
574 574 12
574 574 13
574 574 14
574 574 15
574 574 16
575 575 4
575 575 9
575 575 13
575 575 14
576 576 1
576 576 3
576 576 5
576 576 6
576 576 10
576 576 11
577 577 2
577 577 4
577 577 7
577 577 8
577 577 9
577 577 10
577 577 13
577 577 14
577 577 15
577 577 16
578 578 4
578 578 6
578 578 8
578 578 9
578 578 11
578 578 12
578 578 13
579 579 1
579 579 3
579 579 4
579 579 6
579 579 9
579 579 10
579 579 11
579 579 12
579 579 14
580 580 11
581 581 6
582 582 3
582 582 5
582 582 9
582 582 10
582 582 11
583 583 1
583 583 2
583 583 3
583 583 4
583 583 5
583 583 9
583 583 10
583 583 11
583 583 13
584 584 2
584 584 4
584 584 11
584 584 12
584 584 13
585 585 1
585 585 4
585 585 6
585 585 8
585 585 11
585 585 12
585 585 16
586 586 3
586 586 5
586 586 6
586 586 7
586 586 9
586 586 10
586 586 13
586 586 15
586 586 16
587 587 4
587 587 5
587 587 8
587 587 13
588 588 3
588 588 5
588 588 7
588 588 9
588 588 10
588 588 14
589 589 12
589 589 13
590 590 2
590 590 3
590 590 9
590 590 12
590 590 13
591 591 3
591 591 5
591 591 6
591 591 8
591 591 12
591 591 13
591 591 14
592 592 2
592 592 3
592 592 4
592 592 5
592 592 6
592 592 7
592 592 8
592 592 9
592 592 10
592 592 13
592 592 15
592 592 16
593 593 1
593 593 4
593 593 5
593 593 7
593 593 8
593 593 10
593 593 11
593 593 12
593 593 13
594 594 1
594 594 2
594 594 3
594 594 6
594 594 8
594 594 10
594 594 13
594 594 14
594 594 15
594 594 16
595 595 2
595 595 3
595 595 4
595 595 7
595 595 8
595 595 9
595 595 16
596 596 3
596 596 5
596 596 6
596 596 7
596 596 8
596 596 9
596 596 12
596 596 14
596 596 15
597 597 2
597 597 4
597 597 8
598 598 8
599 599 8
599 599 9
599 599 10
599 599 12
599 599 13
600 600 2
600 600 3
600 600 7
600 600 8
600 600 12
600 600 15
601 601 11
602 602 2
602 602 5
602 602 11
602 602 12
603 603 10
604 604 3
604 604 6
604 604 7
604 604 10
604 604 11
604 604 12
604 604 14
604 604 15
604 604 16
605 605 3
605 605 5
605 605 8
605 605 9
605 605 12
605 605 15
605 605 16
606 606 1
606 606 2
606 606 5
606 606 8
606 606 14
607 607 1
607 607 2
607 607 5
607 607 7
607 607 10
607 607 13
607 607 15
607 607 16
608 608 2
608 608 5
608 608 6
608 608 7
608 608 8
608 608 13
608 608 15
609 609 7
609 609 12
609 609 16
610 610 2
610 610 5
610 610 6
610 610 7
610 610 12
610 610 13
610 610 14
610 610 15
611 611 3
611 611 4
611 611 5
611 611 7
611 611 9
611 611 12
611 611 14
611 611 15
611 611 16
612 612 3
612 612 7
612 612 10
612 612 14
613 613 7
613 613 14
614 614 1
614 614 4
614 614 6
614 614 7
614 614 8
614 614 9
614 614 10
614 614 11
614 614 12
614 614 13
614 614 16
615 615 8
616 616 1
616 616 3
616 616 4
616 616 10
616 616 11
616 616 12
617 617 3
617 617 5
617 617 7
617 617 10
617 617 13
617 617 16
618 618 5
618 618 8
618 618 9
618 618 12
619 619 3
619 619 7
619 619 13
620 620 1
620 620 2
620 620 4
620 620 5
620 620 7
620 620 8
620 620 10
620 620 11
620 620 13
620 620 14
620 620 15
621 621 2
621 621 7
621 621 13
621 621 16
622 622 4
622 622 6
622 622 11
623 623 2
623 623 3
623 623 7
623 623 8
623 623 11
623 623 12
623 623 13
623 623 14
623 623 15
623 623 16
624 624 1
624 624 2
624 624 3
624 624 5
624 624 6
624 624 7
624 624 8
624 624 9
624 624 10
624 624 11
624 624 12
624 624 13
624 624 15
625 625 1
625 625 4
625 625 10
625 625 15
626 626 5
626 626 7
626 626 8
627 627 3
627 627 8
627 627 11
627 627 14
627 627 15
628 628 1
628 628 2
628 628 3
628 628 5
628 628 6
628 628 8
628 628 11
628 628 13
628 628 14
628 628 15
628 628 16
629 629 3
629 629 4
629 629 5
629 629 6
629 629 7
629 629 8
629 629 9
629 629 13
629 629 14
630 630 2
630 630 14
631 631 12
632 632 2
632 632 8
632 632 16
633 633 1
633 633 12
633 633 13
633 633 14
633 633 16
634 634 2
634 634 3
634 634 5
634 634 6
634 634 8
634 634 10
634 634 13
635 635 4
635 635 5
635 635 6
635 635 7
635 635 8
635 635 10
635 635 12
635 635 16
636 636 1
636 636 3
636 636 5
636 636 6
636 636 10
637 637 1
637 637 3
637 637 10
637 637 11
637 637 14
638 638 4
638 638 13
639 639 1
639 639 6
639 639 8
639 639 11
639 639 14
640 640 2
640 640 3
640 640 8
640 640 9
640 640 10
640 640 12
640 640 13
640 640 14
641 641 10
641 641 11
641 641 12
641 641 13
641 641 16
642 642 3
642 642 5
642 642 6
642 642 8
642 642 11
642 642 12
642 642 13
643 643 3
643 643 11
644 644 3
644 644 4
644 644 5
644 644 6
644 644 7
644 644 10
644 644 12
644 644 16
645 645 4
645 645 11
645 645 13
646 646 1
646 646 2
646 646 6
646 646 8
646 646 9
646 646 12
646 646 13
646 646 14
646 646 15
646 646 16
647 647 1
647 647 5
647 647 6
647 647 10
647 647 13
647 647 15
647 647 16
648 648 1
648 648 3
648 648 7
648 648 8
648 648 10
648 648 12
649 649 2
649 649 4
649 649 8
649 649 9
649 649 10
649 649 11
649 649 12
649 649 14
649 649 16
650 650 1
650 650 3
650 650 12
651 651 1
651 651 3
651 651 4
651 651 5
651 651 6
651 651 8
651 651 11
651 651 12
651 651 15
652 652 1
652 652 2
652 652 3
652 652 4
652 652 6
652 652 8
652 652 9
652 652 11
652 652 12
652 652 15
652 652 16
653 653 4
653 653 5
653 653 7
653 653 10
653 653 14
653 653 15
653 653 16
654 654 3
654 654 4
654 654 7
654 654 9
654 654 10
654 654 11
654 654 12
654 654 15
655 655 1
655 655 2
655 655 3
655 655 6
655 655 7
656 656 1
656 656 2
656 656 3
656 656 6
656 656 7
656 656 8
656 656 13
656 656 15
656 656 16
657 657 3
657 657 4
657 657 5
657 657 6
657 657 8
657 657 9
657 657 11
657 657 12
657 657 15
658 658 1
658 658 6
658 658 9
658 658 11
658 658 15
659 659 3
659 659 4
659 659 7
659 659 11
659 659 12
660 660 2
660 660 9
660 660 10
661 661 2
661 661 5
661 661 7
661 661 10
661 661 16
662 662 2
662 662 3
662 662 4
662 662 5
662 662 6
662 662 8
663 663 5
664 664 3
664 664 8
664 664 9
664 664 11
664 664 14
664 664 16
665 665 1
665 665 3
665 665 7
665 665 8
665 665 9
665 665 10
665 665 11
665 665 12
665 665 15
665 665 16
666 666 1
666 666 3
666 666 4
666 666 5
666 666 7
666 666 9
666 666 10
666 666 11
666 666 15
666 666 16
667 667 2
667 667 4
667 667 6
667 667 9
667 667 11
667 667 12
667 667 13
667 667 14
667 667 15
667 667 16
668 668 2
668 668 3
668 668 5
668 668 11
668 668 13
668 668 15
669 669 2
669 669 4
669 669 7
669 669 11
669 669 13
669 669 15
670 670 1
670 670 2
670 670 4
670 670 5
670 670 7
670 670 9
670 670 12
670 670 13
670 670 14
670 670 15
670 670 16
671 671 1
672 672 1
672 672 2
672 672 4
672 672 6
672 672 8
672 672 9
672 672 11
672 672 12
672 672 14
672 672 16
673 673 1
673 673 2
673 673 4
673 673 5
673 673 6
673 673 8
673 673 10
674 674 4
674 674 6
674 674 7
674 674 9
674 674 10
674 674 12
674 674 13
674 674 14
674 674 16
675 675 2
675 675 7
675 675 10
675 675 16
676 676 6
676 676 7
676 676 10
676 676 14
676 676 15
676 676 16
677 677 4
677 677 14
677 677 16
678 678 1
678 678 4
678 678 8
678 678 9
678 678 10
678 678 11
678 678 12
678 678 13
678 678 16
679 679 1
679 679 4
679 679 5
679 679 6
679 679 9
679 679 12
679 679 13
679 679 14
679 679 15
680 680 2
680 680 3
680 680 4
680 680 5
680 680 7
680 680 8
680 680 9
680 680 10
680 680 12
680 680 15
680 680 16
681 681 2
681 681 3
681 681 5
681 681 8
681 681 11
681 681 12
681 681 13
682 682 1
682 682 4
682 682 6
682 682 8
682 682 16
683 683 2
683 683 4
683 683 5
683 683 8
683 683 11
683 683 13
683 683 16
684 684 7
684 684 8
684 684 9
684 684 14
684 684 15
685 685 1
685 685 3
685 685 8
685 685 9
685 685 10
685 685 13
685 685 14
686 686 1
686 686 3
686 686 5
686 686 9
686 686 10
686 686 11
686 686 13
686 686 15
687 687 2
687 687 4
687 687 6
687 687 8
687 687 10
687 687 14
687 687 15
688 688 5
688 688 7
688 688 15
688 688 16
689 689 2
689 689 3
689 689 5
689 689 6
689 689 9
689 689 10
689 689 11
689 689 14
689 689 16
690 690 2
690 690 3
690 690 5
690 690 8
690 690 9
690 690 10
690 690 11
690 690 12
690 690 13
691 691 1
691 691 2
691 691 6
691 691 8
691 691 10
691 691 11
691 691 12
691 691 14
691 691 16
692 692 8
693 693 5
693 693 6
693 693 7
693 693 9
693 693 10
693 693 11
693 693 13
694 694 1
694 694 4
694 694 7
694 694 9
694 694 11
694 694 12
694 694 16
695 695 2
695 695 7
696 696 2
696 696 3
696 696 5
696 696 7
696 696 8
696 696 10
696 696 16
697 697 1
697 697 5
697 697 8
697 697 15
698 698 3
698 698 4
698 698 9
698 698 10
698 698 11
698 698 13
698 698 15
699 699 1
699 699 3
699 699 5
699 699 6
699 699 7
699 699 8
699 699 9
699 699 14
699 699 16
700 700 2
700 700 3
700 700 12
700 700 14
701 701 1
701 701 2
701 701 5
701 701 7
701 701 8
701 701 9
701 701 10
701 701 12
701 701 14
701 701 15
702 702 1
702 702 2
702 702 6
702 702 7
702 702 10
702 702 11
702 702 12
702 702 14
702 702 16
703 703 5
703 703 6
704 704 3
704 704 6
704 704 9
704 704 10
705 705 3
705 705 4
705 705 5
705 705 7
705 705 8
705 705 13
706 706 1
706 706 2
706 706 4
706 706 6
706 706 9
706 706 10
706 706 11
706 706 15
707 707 1
707 707 4
707 707 9
707 707 10
707 707 11
708 708 1
708 708 2
708 708 5
708 708 9
708 708 10
708 708 12
709 709 1
709 709 5
709 709 6
709 709 8
709 709 9
709 709 11
709 709 12
709 709 16
710 710 9
710 710 10
710 710 12
710 710 15
710 710 16
711 711 2
711 711 14
712 712 6
713 713 3
713 713 6
713 713 7
713 713 8
713 713 10
713 713 11
713 713 13
713 713 15
713 713 16
714 714 2
714 714 11
714 714 16
715 715 2
715 715 3
715 715 4
715 715 5
715 715 8
715 715 13
716 716 1
716 716 3
716 716 7
716 716 10
716 716 12
716 716 14
716 716 15
717 717 1
717 717 2
717 717 8
717 717 13
717 717 14
718 718 1
718 718 2
718 718 3
718 718 5
718 718 6
718 718 8
718 718 9
718 718 14
718 718 15
718 718 16
719 719 7
719 719 16
720 720 1
720 720 5
720 720 7
720 720 14
720 720 16
721 721 1
721 721 5
721 721 10
721 721 15
721 721 16
722 722 1
722 722 2
722 722 3
722 722 5
722 722 10
722 722 15
722 722 16
723 723 4
723 723 11
723 723 14
724 724 4
724 724 5
724 724 7
724 724 9
724 724 11
724 724 13
725 725 1
725 725 4
725 725 5
725 725 6
725 725 7
725 725 9
725 725 10
725 725 12
725 725 13
725 725 16
726 726 2
726 726 3
726 726 4
726 726 10
726 726 15
726 726 16
727 727 3
727 727 4
727 727 6
727 727 7
727 727 8
727 727 9
727 727 11
727 727 12
727 727 13
727 727 14
727 727 16
728 728 1
728 728 3
728 728 4
728 728 5
728 728 6
728 728 10
728 728 12
728 728 16
729 729 3
729 729 4
729 729 6
729 729 7
729 729 13
730 730 5
730 730 7
730 730 8
730 730 10
730 730 11
731 731 2
731 731 7
731 731 11
732 732 10
733 733 1
733 733 2
733 733 6
733 733 9
733 733 11
733 733 13
733 733 15
733 733 16
734 734 1
734 734 3
734 734 7
734 734 8
734 734 10
734 734 11
734 734 14
734 734 16
735 735 4
735 735 11
735 735 14
735 735 15
735 735 16
736 736 4
737 737 1
737 737 5
737 737 6
737 737 10
737 737 15
738 738 2
738 738 3
738 738 4
738 738 5
738 738 6
738 738 8
738 738 9
738 738 10
738 738 12
738 738 15
739 739 1
739 739 3
739 739 4
739 739 6
739 739 7
739 739 8
739 739 10
739 739 11
739 739 12
739 739 13
740 740 1
740 740 3
740 740 5
740 740 7
740 740 8
740 740 11
740 740 12
740 740 13
740 740 14
740 740 15
741 741 4
741 741 7
741 741 8
741 741 12
742 742 10
742 742 11
742 742 16
743 743 2
743 743 6
743 743 9
743 743 10
743 743 11
743 743 14
743 743 15
744 744 4
744 744 6
744 744 15
745 745 1
745 745 3
745 745 4
745 745 5
745 745 8
745 745 9
745 745 11
745 745 13
745 745 16
746 746 2
746 746 4
746 746 6
746 746 7
746 746 8
746 746 9
746 746 10
746 746 14
746 746 16
747 747 1
747 747 2
747 747 7
747 747 8
747 747 9
747 747 10
747 747 12
747 747 14
747 747 16
748 748 2
748 748 9
748 748 16
749 749 1
749 749 2
749 749 3
749 749 4
749 749 5
749 749 6
749 749 12
749 749 15
750 750 3
750 750 10
750 750 12
750 750 13
750 750 15
751 751 1
751 751 2
751 751 3
751 751 6
751 751 7
751 751 8
751 751 9
751 751 10
751 751 12
751 751 14
751 751 15
752 752 2
752 752 3
752 752 6
752 752 8
752 752 10
752 752 11
752 752 12
752 752 13
752 752 15
753 753 3
753 753 4
753 753 7
753 753 9
753 753 10
753 753 11
753 753 16
754 754 4
754 754 8
754 754 10
754 754 11
754 754 12
754 754 13
754 754 14
754 754 16
755 755 2
755 755 3
755 755 6
755 755 7
755 755 10
755 755 12
755 755 16
756 756 2
756 756 4
756 756 7
756 756 9
756 756 11
757 757 2
757 757 4
757 757 5
757 757 6
757 757 7
757 757 8
757 757 9
757 757 11
757 757 12
757 757 13
757 757 15
758 758 2
758 758 3
758 758 8
758 758 12
758 758 16
759 759 2
759 759 3
759 759 6
759 759 11
759 759 12
759 759 13
759 759 16
760 760 1
760 760 3
760 760 4
760 760 8
760 760 9
760 760 12
760 760 13
760 760 14
760 760 15
761 761 2
761 761 3
761 761 4
761 761 11
761 761 12
761 761 13
761 761 15
761 761 16
762 762 1
762 762 4
762 762 5
762 762 7
762 762 11
762 762 12
763 763 4
763 763 5
763 763 6
763 763 8
763 763 9
763 763 10
763 763 11
763 763 15
764 764 1
764 764 2
764 764 3
764 764 4
764 764 5
764 764 6
764 764 7
764 764 9
764 764 11
764 764 13
764 764 14
764 764 15
765 765 6
765 765 8
765 765 11
766 766 1
766 766 2
766 766 3
766 766 7
766 766 9
766 766 11
766 766 12
766 766 15
766 766 16
767 767 5
767 767 6
767 767 7
767 767 8
767 767 9
767 767 11
767 767 16
768 768 4
768 768 5
768 768 8
768 768 9
768 768 10
768 768 12
768 768 14
768 768 15
769 769 7
769 769 12
769 769 16
770 770 5
770 770 9
770 770 10
770 770 14
770 770 15
771 771 9
771 771 11
771 771 13
771 771 16
772 772 1
772 772 4
772 772 6
772 772 7
772 772 9
772 772 10
772 772 14
772 772 15
773 773 1
773 773 2
773 773 5
773 773 8
773 773 9
773 773 13
773 773 14
773 773 15
773 773 16
774 774 1
774 774 2
774 774 6
774 774 8
774 774 10
774 774 12
774 774 14
774 774 15
774 774 16
775 775 3
775 775 14
776 776 3
776 776 6
776 776 7
776 776 9
776 776 10
776 776 11
776 776 12
776 776 13
776 776 14
776 776 16
777 777 1
777 777 2
777 777 3
777 777 5
777 777 6
777 777 9
777 777 10
777 777 12
777 777 13
778 778 10
778 778 14
779 779 2
779 779 4
779 779 6
779 779 7
779 779 12
779 779 13
780 780 1
780 780 3
780 780 4
780 780 6
780 780 11
781 781 7
781 781 11
781 781 14
781 781 15
782 782 4
782 782 6
782 782 7
782 782 12
782 782 15
783 783 7
784 784 7
784 784 13
784 784 14
785 785 6
785 785 7
785 785 13
785 785 14
786 786 4
786 786 7
787 787 2
787 787 4
787 787 7
787 787 14
788 788 2
788 788 3
788 788 5
788 788 13
788 788 16
789 789 3
789 789 4
789 789 5
789 789 7
789 789 11
789 789 13
789 789 14
789 789 15
790 790 1
790 790 4
790 790 7
790 790 9
790 790 13
790 790 15
791 791 1
791 791 2
791 791 4
791 791 5
791 791 6
791 791 7
791 791 11
791 791 13
791 791 15
792 792 4
792 792 6
792 792 9
792 792 10
792 792 13
792 792 16
793 793 2
793 793 6
793 793 8
793 793 9
793 793 11
793 793 13
793 793 14
794 794 14
795 795 7
795 795 8
795 795 9
795 795 16
796 796 3
796 796 4
796 796 5
796 796 10
796 796 11
796 796 13
796 796 15
797 797 8
798 798 9
799 799 8
799 799 12
799 799 15
800 800 2
800 800 3
800 800 5
800 800 7
800 800 8
800 800 10
800 800 12
800 800 13
800 800 14
800 800 16
801 801 1
801 801 3
801 801 5
801 801 6
801 801 10
801 801 12
801 801 13
801 801 14
801 801 16
802 802 2
802 802 3
802 802 4
802 802 5
802 802 9
802 802 11
802 802 13
803 803 3
803 803 4
803 803 5
803 803 7
803 803 8
803 803 10
803 803 13
803 803 14
804 804 2
804 804 6
804 804 8
804 804 10
805 805 1
805 805 2
805 805 3
805 805 4
805 805 7
805 805 10
805 805 11
805 805 12
805 805 13
805 805 15
805 805 16
806 806 1
806 806 7
806 806 12
806 806 15
807 807 3
807 807 6
807 807 7
807 807 9
807 807 11
807 807 13
807 807 15
807 807 16
808 808 2
808 808 4
808 808 7
808 808 8
808 808 10
808 808 11
808 808 12
808 808 13
808 808 15
809 809 5
809 809 6
809 809 7
809 809 10
809 809 11
809 809 13
809 809 14
810 810 3
810 810 4
810 810 6
810 810 9
810 810 12
810 810 14
810 810 16
811 811 2
811 811 4
811 811 5
811 811 6
811 811 7
811 811 8
811 811 11
811 811 15
811 811 16
812 812 1
812 812 2
812 812 9
812 812 13
812 812 14
812 812 15
812 812 16
813 813 1
813 813 6
813 813 7
813 813 10
813 813 11
813 813 16
814 814 10
814 814 14
815 815 7
815 815 11
815 815 12
815 815 13
815 815 14
815 815 15
816 816 1
816 816 2
816 816 12
816 816 13
816 816 14
816 816 15
816 816 16
817 817 4
817 817 15
818 818 1
818 818 4
818 818 9
818 818 10
818 818 13
818 818 15
818 818 16
819 819 2
819 819 4
819 819 5
819 819 8
819 819 11
819 819 13
819 819 16
820 820 4
820 820 5
820 820 7
820 820 9
820 820 11
820 820 12
820 820 14
821 821 7
821 821 9
822 822 5
822 822 7
822 822 8
822 822 12
822 822 13
823 823 13
824 824 2
824 824 3
824 824 5
824 824 8
824 824 9
824 824 10
824 824 11
824 824 12
824 824 13
824 824 16
825 825 3
825 825 5
825 825 16
826 826 1
826 826 7
826 826 13
826 826 15
826 826 16
827 827 3
827 827 9
827 827 13
827 827 16
828 828 2
828 828 3
828 828 4
828 828 6
828 828 7
828 828 10
828 828 11
828 828 14
828 828 16
829 829 2
829 829 6
829 829 7
829 829 11
829 829 12
829 829 13
829 829 14
829 829 15
830 830 3
830 830 8
830 830 10
830 830 14
830 830 16
831 831 2
831 831 4
831 831 5
831 831 7
831 831 10
831 831 11
831 831 13
831 831 16
832 832 4
832 832 8
832 832 9
832 832 13
832 832 15
832 832 16
833 833 1
833 833 3
833 833 6
833 833 9
834 834 1
834 834 2
834 834 6
834 834 9
834 834 10
834 834 11
834 834 12
834 834 15
834 834 16
835 835 2
835 835 4
835 835 5
835 835 6
835 835 8
835 835 10
835 835 12
835 835 14
835 835 16
836 836 7
836 836 8
836 836 12
836 836 13
837 837 1
837 837 3
837 837 4
837 837 6
837 837 12
837 837 14
837 837 15
838 838 1
838 838 3
838 838 5
838 838 6
838 838 7
838 838 8
838 838 9
838 838 10
838 838 14
838 838 16
839 839 2
839 839 8
839 839 11
839 839 12
839 839 13
839 839 15
840 840 1
840 840 3
840 840 6
840 840 8
840 840 9
840 840 11
840 840 12
840 840 14
841 841 2
841 841 3
841 841 4
841 841 5
841 841 7
841 841 9
841 841 11
841 841 14
841 841 15
842 842 3
843 843 7
844 844 2
844 844 4
844 844 5
845 845 1
845 845 2
845 845 6
845 845 7
845 845 9
845 845 10
845 845 13
845 845 14
845 845 15
846 846 1
846 846 3
846 846 5
847 847 2
847 847 4
847 847 5
847 847 7
847 847 8
847 847 9
847 847 10
847 847 13
847 847 14
848 848 1
848 848 3
848 848 5
848 848 7
848 848 9
848 848 10
848 848 16
849 849 1
849 849 3
849 849 4
849 849 8
849 849 9
849 849 10
850 850 2
850 850 6
850 850 8
850 850 11
850 850 12
850 850 13
850 850 15
851 851 12
852 852 2
852 852 3
852 852 4
852 852 8
852 852 9
852 852 10
852 852 11
852 852 12
852 852 13
852 852 14
853 853 1
853 853 3
853 853 4
853 853 7
853 853 8
853 853 9
853 853 10
853 853 11
853 853 13
853 853 15
853 853 16
854 854 2
854 854 5
854 854 6
854 854 7
854 854 11
854 854 12
854 854 13
854 854 16
855 855 3
855 855 4
855 855 5
855 855 7
855 855 9
855 855 10
855 855 13
855 855 16
856 856 1
856 856 3
856 856 4
856 856 5
856 856 7
856 856 8
856 856 10
856 856 12
856 856 14
856 856 15
856 856 16
857 857 1
857 857 2
857 857 3
857 857 4
857 857 7
857 857 11
857 857 15
857 857 16
858 858 3
858 858 7
859 859 1
859 859 5
859 859 7
859 859 10
859 859 14
859 859 15
859 859 16
860 860 5
860 860 6
860 860 7
860 860 8
860 860 13
860 860 15
861 861 1
861 861 2
861 861 7
861 861 11
861 861 12
862 862 6
862 862 9
862 862 12
862 862 13
862 862 15
863 863 1
863 863 2
863 863 3
863 863 4
863 863 5
863 863 8
863 863 12
863 863 13
863 863 14
863 863 16
864 864 2
864 864 4
864 864 5
864 864 6
864 864 8
864 864 9
864 864 10
864 864 11
864 864 12
864 864 14
864 864 16
865 865 1
865 865 7
865 865 8
865 865 15
866 866 7
866 866 10
867 867 1
867 867 7
867 867 8
867 867 10
867 867 11
867 867 14
867 867 15
867 867 16
868 868 1
868 868 2
868 868 3
868 868 12
868 868 14
869 869 5
869 869 10
869 869 13
870 870 1
870 870 2
870 870 3
870 870 4
870 870 6
870 870 8
870 870 9
870 870 11
870 870 14
870 870 16
871 871 1
871 871 2
871 871 3
871 871 7
871 871 14
872 872 1
872 872 3
872 872 8
872 872 12
872 872 15
872 872 16
873 873 1
873 873 3
873 873 4
873 873 5
873 873 6
873 873 7
873 873 8
873 873 9
873 873 12
873 873 13
873 873 14
873 873 15
874 874 2
874 874 4
874 874 6
874 874 7
874 874 10
874 874 12
874 874 14
874 874 15
874 874 16
875 875 2
875 875 3
875 875 5
875 875 8
875 875 9
875 875 12
875 875 14
875 875 16
876 876 3
876 876 6
876 876 8
876 876 10
876 876 11
876 876 12
876 876 13
876 876 14
876 876 16
877 877 2
877 877 5
877 877 6
877 877 7
877 877 16
878 878 1
878 878 2
878 878 5
878 878 7
878 878 10
879 879 3
879 879 7
879 879 8
879 879 9
879 879 13
879 879 16
880 880 2
880 880 4
880 880 5
880 880 7
880 880 8
880 880 9
880 880 13
880 880 15
881 881 2
881 881 6
881 881 10
881 881 12
881 881 13
881 881 15
882 882 1
882 882 2
882 882 4
882 882 5
882 882 8
882 882 9
882 882 11
882 882 13
882 882 14
882 882 15
882 882 16
883 883 2
883 883 4
883 883 6
883 883 8
883 883 10
883 883 12
883 883 13
883 883 15
883 883 16
884 884 3
884 884 4
884 884 5
884 884 6
884 884 10
884 884 11
884 884 12
884 884 13
885 885 4
885 885 15
886 886 7
886 886 9
886 886 15
887 887 2
887 887 4
887 887 9
887 887 11
887 887 12
887 887 15
888 888 1
888 888 2
888 888 3
888 888 13
888 888 15
889 889 7
889 889 12
889 889 14
889 889 16
890 890 2
890 890 3
890 890 4
890 890 5
890 890 6
890 890 8
890 890 9
890 890 10
890 890 12
890 890 15
890 890 16
891 891 4
891 891 5
891 891 8
891 891 9
891 891 11
891 891 12
891 891 14
891 891 16
892 892 2
892 892 3
892 892 7
892 892 8
892 892 10
892 892 11
892 892 12
892 892 13
892 892 14
893 893 2
893 893 4
893 893 5
893 893 10
893 893 11
893 893 12
893 893 15
893 893 16
894 894 4
894 894 9
894 894 13
895 895 1
895 895 3
895 895 6
895 895 7
895 895 10
895 895 11
895 895 12
895 895 14
895 895 15
896 896 1
896 896 2
896 896 3
896 896 6
896 896 7
896 896 8
896 896 9
896 896 10
896 896 13
897 897 4
897 897 5
897 897 6
897 897 7
897 897 8
897 897 9
897 897 10
897 897 15
897 897 16
898 898 1
898 898 2
898 898 3
898 898 5
898 898 7
898 898 8
898 898 9
898 898 10
898 898 11
898 898 12
898 898 13
899 899 1
899 899 4
899 899 7
899 899 8
899 899 9
899 899 10
899 899 11
899 899 14
899 899 15
900 900 1
900 900 2
900 900 3
900 900 4
900 900 6
900 900 7
900 900 9
900 900 10
900 900 13
900 900 16
901 901 3
901 901 8
902 902 2
902 902 3
902 902 4
902 902 5
902 902 8
902 902 9
902 902 10
902 902 13
902 902 16
903 903 1
903 903 7
904 904 1
904 904 3
904 904 6
904 904 10
904 904 13
904 904 14
904 904 16
905 905 2
905 905 3
905 905 4
905 905 5
905 905 6
905 905 9
905 905 10
905 905 11
905 905 12
905 905 13
905 905 15
905 905 16
906 906 3
906 906 4
906 906 8
906 906 9
906 906 11
906 906 14
906 906 15
907 907 1
907 907 4
907 907 5
907 907 6
907 907 7
907 907 9
907 907 10
907 907 11
907 907 12
907 907 14
907 907 15
907 907 16
908 908 1
908 908 2
908 908 4
908 908 9
908 908 11
908 908 13
908 908 14
909 909 2
909 909 5
909 909 7
909 909 9
909 909 12
910 910 1
910 910 2
910 910 3
910 910 4
910 910 5
910 910 8
910 910 12
910 910 14
910 910 16
911 911 1
911 911 3
911 911 5
911 911 6
911 911 8
911 911 9
911 911 10
911 911 11
911 911 12
911 911 13
912 912 5
912 912 6
913 913 1
913 913 2
913 913 5
913 913 6
913 913 8
913 913 9
913 913 11
913 913 13
914 914 1
914 914 2
914 914 3
914 914 9
914 914 10
914 914 12
914 914 14
914 914 15
915 915 3
915 915 5
915 915 6
915 915 8
915 915 11
915 915 12
915 915 16
916 916 2
916 916 3
916 916 4
916 916 5
916 916 8
916 916 12
916 916 13
916 916 14
916 916 15
916 916 16
917 917 3
917 917 6
917 917 7
917 917 11
917 917 13
917 917 15
918 918 3
918 918 5
918 918 6
918 918 7
918 918 11
918 918 12
919 919 3
919 919 5
919 919 7
919 919 9
919 919 11
919 919 12
919 919 13
919 919 15
919 919 16
920 920 10
920 920 11
920 920 13
921 921 1
921 921 2
921 921 4
921 921 5
921 921 9
921 921 10
921 921 11
921 921 12
921 921 13
921 921 14
921 921 15
921 921 16
922 922 1
922 922 5
922 922 6
922 922 8
922 922 9
922 922 10
922 922 14
922 922 16
923 923 3
923 923 6
923 923 7
923 923 9
923 923 15
924 924 2
924 924 3
924 924 8
924 924 9
924 924 10
924 924 14
925 925 3
925 925 5
925 925 6
925 925 8
925 925 10
925 925 12
925 925 14
925 925 16
926 926 8
926 926 11
926 926 12
926 926 16
927 927 1
927 927 2
927 927 3
927 927 8
927 927 9
927 927 11
927 927 12
927 927 13
927 927 14
927 927 15
927 927 16
928 928 3
928 928 8
928 928 9
928 928 13
928 928 14
929 929 3
929 929 6
929 929 7
929 929 8
929 929 10
929 929 11
929 929 14
929 929 15
929 929 16
930 930 1
930 930 2
930 930 4
930 930 11
930 930 12
931 931 1
931 931 2
931 931 5
931 931 8
931 931 11
931 931 12
931 931 13
931 931 14
932 932 1
932 932 3
932 932 4
932 932 5
932 932 6
932 932 11
932 932 13
932 932 15
932 932 16
933 933 1
933 933 2
933 933 5
933 933 6
933 933 7
933 933 9
933 933 10
933 933 15
933 933 16
934 934 4
934 934 9
934 934 12
934 934 16
935 935 4
935 935 6
935 935 10
935 935 11
935 935 16
936 936 4
936 936 7
936 936 12
936 936 13
936 936 14
936 936 15
937 937 1
937 937 6
937 937 9
937 937 10
938 938 1
938 938 2
938 938 3
938 938 4
938 938 5
938 938 6
938 938 7
938 938 10
938 938 14
938 938 15
938 938 16
939 939 3
939 939 5
940 940 2
940 940 3
940 940 4
940 940 9
940 940 11
940 940 13
940 940 14
940 940 16
941 941 1
941 941 3
941 941 4
941 941 7
941 941 12
941 941 13
941 941 15
942 942 1
942 942 2
942 942 4
942 942 6
942 942 7
942 942 8
942 942 10
942 942 12
942 942 14
942 942 15
942 942 16
943 943 2
943 943 5
943 943 14
944 944 1
944 944 4
944 944 5
944 944 6
944 944 7
944 944 9
944 944 12
944 944 13
944 944 14
944 944 16
945 945 7
945 945 9
945 945 11
945 945 15
946 946 2
946 946 3
946 946 6
946 946 8
946 946 9
946 946 13
947 947 1
947 947 6
947 947 10
947 947 13
947 947 14
948 948 6
948 948 11
949 949 2
949 949 3
949 949 4
949 949 5
949 949 7
949 949 9
949 949 10
949 949 12
949 949 13
949 949 14
950 950 2
950 950 8
950 950 14
951 951 1
951 951 2
951 951 3
951 951 4
951 951 5
951 951 6
951 951 8
951 951 9
951 951 11
951 951 12
951 951 13
952 952 2
952 952 3
952 952 5
952 952 6
952 952 8
952 952 9
952 952 10
952 952 11
952 952 13
952 952 15
953 953 2
953 953 3
953 953 4
953 953 5
953 953 10
953 953 16
954 954 2
954 954 4
954 954 10
954 954 14
954 954 15
954 954 16
955 955 1
955 955 4
955 955 5
955 955 6
955 955 7
955 955 8
955 955 9
955 955 10
955 955 11
955 955 13
955 955 14
956 956 1
956 956 6
956 956 8
956 956 9
957 957 4
957 957 5
957 957 6
957 957 7
957 957 8
957 957 9
957 957 10
957 957 13
958 958 2
958 958 3
958 958 5
958 958 7
958 958 9
958 958 10
958 958 11
958 958 14
958 958 15
959 959 1
959 959 5
959 959 6
959 959 7
959 959 10
959 959 13
960 960 7
961 961 1
961 961 4
961 961 6
961 961 8
961 961 9
961 961 10
961 961 12
961 961 13
961 961 14
961 961 15
962 962 1
962 962 2
962 962 4
962 962 5
962 962 7
962 962 8
962 962 9
962 962 10
962 962 11
962 962 15
963 963 2
963 963 4
963 963 7
963 963 9
963 963 13
963 963 14
963 963 15
963 963 16
964 964 1
964 964 2
964 964 9
964 964 10
964 964 11
964 964 13
964 964 14
964 964 15
964 964 16
965 965 2
965 965 3
965 965 4
965 965 8
965 965 9
965 965 11
965 965 15
965 965 16
966 966 3
966 966 7
966 966 8
966 966 9
966 966 10
966 966 11
966 966 12
966 966 13
966 966 15
966 966 16
967 967 1
967 967 3
967 967 5
967 967 8
967 967 11
967 967 14
968 968 1
968 968 2
968 968 3
968 968 5
968 968 8
968 968 11
968 968 12
968 968 16
969 969 2
969 969 3
969 969 5
969 969 7
969 969 8
969 969 9
969 969 10
969 969 11
969 969 14
969 969 15
970 970 1
970 970 3
970 970 5
970 970 6
970 970 10
970 970 11
970 970 12
970 970 14
970 970 15
970 970 16
971 971 1
971 971 3
971 971 6
971 971 9
971 971 10
971 971 11
971 971 14
971 971 16
972 972 3
972 972 5
972 972 6
972 972 14
972 972 15
973 973 2
973 973 3
973 973 6
973 973 8
973 973 9
973 973 10
973 973 11
973 973 12
973 973 15
973 973 16
974 974 5
974 974 10
974 974 11
974 974 12
974 974 13
974 974 15
974 974 16
975 975 2
975 975 3
975 975 4
975 975 6
975 975 7
975 975 8
975 975 9
975 975 14
975 975 16
976 976 15
977 977 2
977 977 8
977 977 16
978 978 2
978 978 3
978 978 4
978 978 5
978 978 8
978 978 9
978 978 10
978 978 11
978 978 13
979 979 3
979 979 12
980 980 3
980 980 12
980 980 15
980 980 16
981 981 1
981 981 2
981 981 3
981 981 5
981 981 7
981 981 8
981 981 9
981 981 11
981 981 14
981 981 15
981 981 16
982 982 5
982 982 6
982 982 12
983 983 1
983 983 7
983 983 9
983 983 10
984 984 1
984 984 3
984 984 4
984 984 6
984 984 7
984 984 8
984 984 9
984 984 13
984 984 14
984 984 16
985 985 2
985 985 4
985 985 6
985 985 7
985 985 8
985 985 9
985 985 10
985 985 11
985 985 12
985 985 13
985 985 14
985 985 15
986 986 11
986 986 13
987 987 1
987 987 2
987 987 3
987 987 8
987 987 10
987 987 11
987 987 14
988 988 1
988 988 2
988 988 5
988 988 6
988 988 9
988 988 12
988 988 13
988 988 15
988 988 16
989 989 7
990 990 3
990 990 4
990 990 7
990 990 10
990 990 11
990 990 12
990 990 13
990 990 14
991 991 2
991 991 6
991 991 8
991 991 10
991 991 11
991 991 14
991 991 16
992 992 1
992 992 3
992 992 5
992 992 8
992 992 9
992 992 13
993 993 3
993 993 6
993 993 12
993 993 13
993 993 14
993 993 16
994 994 2
994 994 7
994 994 14
994 994 16
995 995 1
995 995 5
995 995 9
995 995 10
995 995 11
995 995 15
996 996 1
996 996 5
996 996 6
996 996 13
996 996 16
997 997 3
997 997 4
997 997 5
997 997 7
997 997 8
997 997 9
997 997 11
997 997 13
997 997 15
997 997 16
998 998 10
998 998 16
